 z[m] p[mb] tp[K] q[g/kg] u[m/s] v[m/s]
 0.,  11, 1000.  day,levels,pres0
0	-999	299.0	21.60	0.00	0.00
0.1	-999	297.1	20.06	0.00	0.00
0.2	-999	295.2	18.52	0.00	0.00
0.3	-999	293.3	16.98	0.00	0.00
0.4	-999	291.4	15.44	0.00	0.00
0.5	-999	289.5	13.90	0.00	0.00
0.6	-999	287.6	12.36	0.00	0.00
0.7	-999	285.7	10.82	0.00	0.00
0.8	-999	283.8	9.28	0.00	0.00
0.9	-999	281.9	7.74	0.00	0.00
1	-999	280.0	6.20 	0.00	0.00
 1.,  11, 1000.  day,levels,pres0
0	-999	299.0	21.60	0.00	0.00
0.1	-999	297.1	20.06	0.00	0.00
0.2	-999	295.2	18.52	0.00	0.00
0.3	-999	293.3	16.98	0.00	0.00
0.4	-999	291.4	15.44	0.00	0.00
0.5	-999	289.5	13.90	0.00	0.00
0.6	-999	287.6	12.36	0.00	0.00
0.7	-999	285.7	10.82	0.00	0.00
0.8	-999	283.8	9.28	0.00	0.00
0.9	-999	281.9	7.74	0.00	0.00
1	-999	280.0	6.20 	0.00	0.00
