x[m] y[m] z[m] for virtual detectors
45
0.10 1.00 0.50
0.20 1.00 0.50
0.30 1.00 0.50
0.40 1.00 0.50
0.50 1.00 0.50
0.60 1.00 0.50
0.70 1.00 0.50
0.80 1.00 0.50
0.90 1.00 0.50
1.00 1.00 0.50
1.10 1.00 0.50
1.20 1.00 0.50
1.30 1.00 0.50
1.40 1.00 0.50
1.50 1.00 0.50
1.60 1.00 0.50
1.70 1.00 0.50
1.80 1.00 0.50
1.90 1.00 0.50
1.00 0.10 0.50
1.00 0.20 0.50
1.00 0.30 0.50
1.00 0.40 0.50
1.00 0.50 0.50
1.00 0.60 0.50
1.00 0.70 0.50
1.00 0.80 0.50
1.00 0.90 0.50
1.00 1.10 0.50
1.00 1.20 0.50
1.00 1.30 0.50
1.00 1.40 0.50
1.00 1.50 0.50
1.00 1.60 0.50
1.00 1.70 0.50
1.00 1.80 0.50
1.00 1.90 0.50
1.00 1.00 0.10
1.00 1.00 0.20
1.00 1.00 0.30
1.00 1.00 0.40
1.00 1.00 0.60
1.00 1.00 0.70
1.00 1.00 0.80
1.00 1.00 0.90
